1
2
3
5
9
12
14
18
25
26
28
30
35
40
42
44
45
47
49
55
56
58
62
65
70
72
73
77
78
79
81
82
83
84
85
87
88
90
91
93
94
97
98
99
100
107
112
113
117
120
122
124
126
127
129
130
131
133
136
139
140
141
146
148
150
159
161
163
164
170
173
176
183
184
186
188
192
194
200
201
202
205
215
216
217
223
224
226
227
232
233
234
237
238
240
241
248
249
254
256
257
258
259
260
265
266
269
272
273
276
277
279
283
286
287
289
291
293
296
301
302
303
305
309
310
311
312
313
315
323
327
329
331
332
333
335
338
339
340
341
342
344
346
347
351
354
358
360
361
362
363
366
367
370
372
373
374
375
377
378
379
380
381
387
390
391
392
393
395
396
397
398
403
404
409
410
413
415
422
423
427
428
434
435
436
438
439
440
441
442
446
447
449
451
454
457
461
462
465
470
473
475
476
477
484
485
486
489
491
494
496
497
499
500
505
506
507
508
513
514
515
516
522
524
527
528
529
531
535
538
541
542
545
548
550
551
552
555
556
557
560
561
564
565
568
570
581
586
587
588
597
599
601
603
604
605
606
609
611
617
621
622
625
626
628
629
631
632
634
637
638
641
643
645
646
648
649
650
653
655
657
660
661
663
668
671
672
676
678
679
680
685
690
691
692
693
696
697
699
702
703
704
709
715
722
723
725
727
728
729
730
731
732
733
734
735
736
737
738
741
745
746
747
748
749
752
754
757
760
761
762
764
766
769
772
774
777
783
784
785
789
791
792
793
796
797
799
802
804
811
812
813
820
822
824
825
830
831
836
839
841
844
845
846
848
851
852
855
857
858
859
862
864
866
867
868
869
870
872
874
876
878
879
880
881
883
887
888
889
892
893
895
898
902
904
906
908
909
910
915
917
920
922
927
931
932
935
936
940
943
944
945
948
949
950
953
956
957
959
960
961
962
963
967
970
973
975
978
979
984
985
989
991
994
996
998
1000
1002
1004
1007
1008
1009
1010
1016
1018
1019
1021
1022
1026
1028
1029
1031
1033
1037
1038
1043
1044
1045
1046
1047
1048
1049
1050
1052
1053
1054
1055
1057
1061
1064
1065
1068
1069
1074
1076
1080
1082
1083
1084
1087
1088
1090
1091
1092
1093
1094
1095
1097
1099
1104
1105
1108
1109
1111
1112
1115
1117
1118
1120
1122
1128
1129
1133
1135
1145
1147
1149
1153
1154
1155
1157
1161
1162
1165
1167
1169
1175
1179
1180
1182
1184
1188
1191
1193
1194
1195
1196
1200
1202
1205
1206
1207
1212
1213
1214
1215
1219
1221
1222
1227
1228
1230
1239
1240
1242
1244
1246
1248
1249
1251
1255
1259
1268
1270
1271
1273
1274
1275
1276
1280
1282
1283
1284
1287
1291
1292
1293
1294
1297
1303
1305
1308
1311
1317
1318
1319
1321
1326
1328
1329
1335
1336
1341
1342
1344
1345
1346
1350
1352
1354
1355
1358
1359
1361
1365
1368
1371
1372
1373
1376
1378
1379
1380
1381
1384
1385
1386
1387
1388
1389
1399
1403
1404
1405
1407
1408
1409
1414
1415
1417
1419
1421
1427
1429
1431
1432
1434
1435
1438
1444
1446
1448
1453
1455
1458
1461
1463
1464
1466
1467
1473
1474
1476
1479
1480
1481
1482
1483
1484
1486
1488
1489
1494
1498
1499
1501
1504
1505
1509
1511
1513
1514
1517
1519
1521
1523
1524
1527
1531
1532
1534
1535
1536
1538
1541
1545
1547
1549
1550
1551
1552
1553
1557
1558
1559
1563
1565
1566
1570
1573
1574
1575
1576
1580
1582
1585
1586
1587
1588
1591
1592
1595
1599
1601
1604
1606
1607
1609
1610
1612
1614
1615
1618
1621
1625
1626
1627
1629
1631
1632
1635
1639
1640
1641
1643
1646
1647
1648
1649
1650
1651
1652
1653
1655
1657
1659
1660
1661
1663
1668
1669
1670
1671
1673
1675
1677
1680
1682
1687
1691
1694
1697
1700
1702
1705
1706
1707
1708
1712
1714
1715
1716
1719
1721
1723
1724
1729
1733
1736
1741
1747
1751
1753
1755
1756
1757
1759
1765
1766
1771
1772
1773
1776
1777
1780
1781
1782
1783
1784
1787
1789
1791
1792
1798
1808
1809
1812
1814
1815
1818
1820
1822
1823
1825
1829
1830
1832
1840
1841
1842
1844
1846
1849
1851
1852
1853
1854
1866
1869
1873
1874
1876
1878
1879
1882
1884
1886
1887
1888
1892
1894
1897
1898
1904
1907
1908
1909
1910
1912
1918
1919
1921
1927
1934
1935
1936
1939
1940
1942
1943
1946
1948
1949
1954
1955
1961
1963
1967
1969
1970
1972
1974
1975
1978
1981
1984
1987
1988
1989
1991
1992
1993
1994
1996
1999
2000
2004
2005
2006
2007
2008
2009
2011
2012
2014
2015
2016
2018
2020
2023
2024
2025
2027
2029
2030
2035
2037
2038
2040
2041
2045
2047
2049
2051
2052
2055
2056
2059
2061
2064
2066
2067
2068
2070
2072
2073
2075
2076
2078
2079
2080
2081
2082
2084
2086
2087
2088
2090
2091
2092
2094
2097
2098
2100
2102
2103
2104
2105
2107
2109
2112
2113
2115
2117
2118
2119
2121
2122
2123
2124
2125
2132
2136
2139
2141
2144
2145
2146
2148
2150
2153
2163
2164
2165
2167
2170
2171
2172
2175
2176
2179
2180
2181
2183
2184
2188
2192
2195
2196
2198
2199
2202
2203
2205
2207
2208
2210
2212
2213
2215
2217
2218
2222
2226
2228
2232
2233
2234
2235
2236
2238
2239
2240
2242
2243
2247
2250
2251
2252
2253
2259
2260
2261
2263
2266
2272
2274
2275
2277
2281
2282
2287
2288
2289
2291
2297
2299
2302
2303
2304
2305
2307
2308
2309
2310
2311
2314
2315
2316
2317
2318
2319
2322
2327
2329
2330
2332
2333
2338
2339
2340
2341
2344
2348
2350
2351
2352
2358
2359
2360
2363
2365
2368
2369
2374
2375
2377
2381
2383
2386
2388
2391
2397
2400
2401
2407
2409
2413
2414
2415
2422
2423
2426
2429
2431
2436
2438
2440
2441
2445
2447
2450
2455
2456
2457
2458
2459
2465
2466
2467
2472
2474
2486
2491
2494
2495
2496
2497
2499
2500
2505
2506
2508
2509
2510
2514
2515
2518
2521
2529
2530
2538
2539
2540
2543
2545
2549
2551
2553
2554
2555
2561
2569
2572
2574
2577
2578
2579
2582
2583
2588
2589
2590
2591
2592
2593
2594
2596
2597
2599
2601
2602
2608
2615
2619
2622
2623
2625
2626
2627
2628
2630
2632
2634
2636
2637
2638
2640
2643
2650
2651
2654
2655
2656
2657
2660
2664
2666
2670
2672
2673
2675
2680
2682
2684
2688
2689
2691
2692
2696
2701
2702
2703
2705
2707
2708
2709
2710
2711
2713
2714
2715
2716
2718
2724
2728
2730
2731
2734
2735
2739
2741
2744
2748
2751
2752
2754
2755
2756
2757
2758
2761
2763
2764
2765
2768
2770
2774
2775
2776
2777
2778
2779
2783
2784
2787
2788
2789
2792
2797
2799
2800
2802
2803
2807
2809
2811
2813
2815
2817
2818
2821
2827
2828
2837
2838
2839
2844
2845
2850
2851
2853
2854
2856
2857
2860
2861
2862
2863
2864
2865
2867
2868
2870
2874
2875
2879
2881
2883
2890
2891
2894
2896
2899
2900
2903
2905
2907
2908
2909
2910
2913
2915
2916
2917
2918
2919
2920
2924
2926
2927
2930
2933
2935
2937
2938
2939
2941
2943
2945
2951
2952
2955
2957
2958
2959
2960
2961
2964
2966
2969
2970
2971
2974
2976
2977
2980
2981
2983
2984
2988
2989
2992
2994
2997
2998
3005
3007
3010
3014
3015
3016
3018
3019
3022
3024
3027
3031
3038
3039
3041
3042
3043
3046
3047
3049
3050
3054
3059
3062
3065
3068
3069
3071
3072
3073
3079
3081
3085
3091
3092
3094
3097
3100
3102
3110
3111
3114
3121
3126
3129
3130
3132
3134
3140
3150
3153
3156
3157
3158
3161
3162
3164
3165
3166
3170
3182
3186
3187
3188
3192
3200
3201
3202
3203
3208
3213
3214
3217
3218
3221
3223
3224
3227
3228
3230
3232
3238
3242
3243
3248
3252
3253
3254
3255
3256
3257
3260
3261
3262
3264
3271
3272
3273
3274
3277
3278
3280
3281
3283
3285
3286
3287
3288
3294
3298
3299
3303
3304
3311
3313
3314
3316
3319
3321
3324
3325
3327
3329
3330
3332
3336
3339
3340
3342
3344
3345
3346
3347
3349
3351
3353
3357
3358
3359
3362
3366
3367
3368
3369
3370
3371
3372
3374
3375
3376
3378
3382
3385
3386
3389
3395
3396
3397
3400
3405
3407
3411
3412
3413
3414
3416
3418
3422
3424
3426
3427
3428
3429
3432
3435
3436
3437
3438
3440
3443
3444
3448
3451
3452
3453
3454
3461
3462
3465
3467
3471
3472
3479
3480
3484
3486
3487
3488
3491
3492
3494
3496
3500
3504
3507
3508
3510
3511
3512
3514
3516
3517
3528
3529
3530
3533
3534
3537
3538
3539
3541
3542
3543
3544
3547
3548
3549
3552
3554
3556
3561
3565
3566
3567
3568
3569
3571
3572
3574
3576
3577
3579
3580
3582
3584
3589
3592
3602
3603
3607
3611
3614
3618
3620
3623
3624
3627
3629
3630
3633
3635
3638
3639
3640
3643
3646
3647
3649
3650
3651
3653
3658
3666
3668
3669
3672
3673
3682
3684
3685
3686
3687
3689
3690
3691
3692
3693
3694
3695
3696
3697
3699
3701
3702
3703
3705
3707
3708
3710
3713
3719
3720
3725
3727
3728
3736
3737
3739
3740
3742
3743
3746
3748
3750
3751
3752
3753
3755
3756
3758
3759
3761
3762
3765
3766
3770
3774
3776
3777
3779
3780
3781
3783
3784
3785
3788
3789
3795
3797
3799
3800
3801
3803
3804
3805
3807
3809
3814
3820
3821
3823
3825
3826
3827
3828
3831
3834
3836
3838
3839
3840
3844
3845
3846
3847
3852
3853
3856
3857
3860
3864
3866
3868
3869
3870
3871
3872
3873
3874
3882
3883
3884
3885
3886
3887
3892
3893
3895
3898
3899
3901
3904
3905
3908
3912
3914
3915
3917
3920
3921
3924
3929
3930
3934
3935
3936
3938
3939
3940
3942
3943
3947
3948
3949
3951
3955
3956
3957
3958
3961
3970
3972
3973
3976
3980
3985
3986
3987
3990
3992
3993
3994
3995
3998
3999
4002
4004
4007
4012
4013
4014
4017
4020
4021
4028
4033
4034
4036
4037
4038
4040
4041
4043
4045
4046
4047
4049
4050
4056
4058
4061
4062
4063
4065
4068
4069
4071
4072
4074
4076
4083
4084
4085
4087
4088
4090
4094
4100
4102
4105
4108
4109
4112
4113
4115
4117
4118
4119
4120
4123
4125
4126
4127
4132
4134
4136
4137
4141
4142
4145
4146
4147
4148
4149
4152
4154
4162
4163
4165
4168
4173
4174
4176
4178
4179
4181
4183
4185
4193
4194
4195
4197
4199
4202
4205
4207
4209
4212
4213
4214
4216
4219
4220
4221
4223
4228
4231
4232
4235
4236
4238
4239
4242
4244
4246
4247
4248
4251
4252
4253
4254
4257
4259
4260
4265
4266
4267
4269
4272
4274
4275
4277
4279
4280
4282
4283
4284
4287
4289
4290
4291
4295
4301
4304
4305
4306
4307
4308
4312
4315
4316
4318
4320
4322
4323
4325
4328
4329
4338
4339
4340
4341
4344
4346
4347
4348
4349
4350
4351
4354
4357
4359
4361
4363
4364
4365
4369
4370
4377
4378
4379
4381
4382
4386
4387
4390
4392
4393
4394
4395
4396
4398
4401
4407
4408
4410
4412
4414
4417
4418
4426
4431
4432
4439
4440
4442
4443
4445
4446
4447
4454
4457
4458
4464
4468
4469
4471
4472
4473
4481
4486
4487
4490
4497
4498
4501
4503
4507
4509
4511
4513
4514
4515
4516
4517
4522
4523
4524
4525
4526
4529
4534
4540
4541
4544
4549
4551
4553
4556
4558
4559
4562
4564
4565
4567
4569
4570
4573
4574
4579
4580
4581
4585
4590
4595
4596
4597
4601
4605
4606
4611
4612
4616
4617
4619
4626
4630
4632
4633
4634
4635
4636
4637
4643
4644
4646
4648
4651
4652
4653
4656
4659
4660
4662
4663
4664
4665
4666
4668
4669
4671
4673
4674
4679
4680
4681
4683
4685
4686
4687
4688
4689
4696
4697
4699
4700
4701
4702
4710
4711
4712
4713
4716
4717
4718
4720
4724
4725
4728
4729
4731
4735
4740
4742
4743
4745
4746
4752
4753
4756
4759
4760
4761
4762
4763
4764
4766
4769
4771
4774
4777
4780
4782
4788
4790
4793
4794
4795
4796
4797
4798
4799
4800
4802
4805
4806
4807
4808
4810
4811
4812
4813
4815
4817
4819
4820
4821
4822
4825
4826
4832
4836
4839
4842
4844
4845
4847
4848
4849
4853
4855
4857
4858
4859
4860
4863
4867
4869
4872
4874
4877
4879
4880
4881
4882
4883
4885
4886
4888
4898
4900
4901
4903
4905
4911
4912
4913
4918
4919
4921
4922
4926
4928
4929
4932
4933
4937
4938
4940
4941
4942
4944
4946
4947
4948
4949
4950
4951
4953
4954
4957
4959
4960
4961
4964
4965
4967
4968
4970
4971
4974
4975
4977
4978
4981
4982
4985
4989
4990
4991
4992
4996
4997
4998
5000
5002
5005
5007
5010
5011
5012
5014
5015
5017
5018
5022
5023
5024
5025
5026
5027
5031
5032
5033
5037
5039
5040
5045
5046
5048
5049
5050
5053
5056
5058
5060
5064
5072
5073
5074
5078
5079
5080
5081
5083
5085
5086
5089
5091
5092
5096
5097
5100
5102
5105
5107
5109
5114
5115
5116
5117
5121
5123
5124
5125
5127
5132
5133
5134
5135
5136
5137
5139
5141
5142
5145
5147
5149
5153
5154
5155
5160
5161
5163
5166
5167
5169
5171
5175
5176
5177
5178
5186
5187
5189
5191
5195
5197
5198
5199
5201
5204
5208
5212
5215
5216
5219
5220
5223
5225
5226
5227
5231
5232
5234
5236
5238
5239
5242
5244
5246
5247
5248
5249
5251
5253
5254
5258
5260
5261
5262
5263
5264
5267
5269
5276
5277
5278
5282
5288
5291
5294
5296
5298
5303
5304
5306
5311
5313
5314
5317
5318
5319
5321
5324
5325
5327
5333
5334
5338
5340
5341
5342
5345
5346
5347
5348
5350
5351
5356
5357
5358
5359
5361
5362
5369
5370
5372
5376
5377
5378
5379
5380
5383
5384
5385
5387
5389
5391
5393
5395
5397
5398
5399
5401
5404
5405
5406
5407
5409
5411
5414
5415
5419
5420
5423
5426
5427
5429
5432
5434
5435
5436
5437
5439
5440
5443
5446
5447
5449
5455
5456
5457
5458
5459
5460
5462
5463
5464
5466
5467
5468
5471
5474
5476
5477
5478
5480
5483
5487
5489
5491
5492
5495
5496
5497
5500
5501
5502
5503
5504
5505
5507
5510
5512
5513
5514
5518
5520
5521
5522
5523
5525
5526
5530
5531
5532
5533
5534
5535
5537
5538
5545
5546
5548
5549
5552
5553
5554
5555
5556
5558
5560
5561
5563
5565
5568
5569
5575
5580
5582
5584
5586
5587
5591
5593
5595
5602
5603
5604
5607
5608
5609
5610
5612
5613
5614
5615
5617
5618
5619
5620
5621
5623
5624
5627
5632
5633
5634
5637
5640
5641
5642
5643
5645
5646
5647
5651
5653
5656
5659
5663
5664
5668
5671
5676
5677
5678
5679
5680
5683
5687
5691
5693
5694
5695
5696
5697
5701
5710
5712
5717
5718
5722
5725
5728
5732
5733
5736
5737
5739
5740
5741
5742
5744
5749
5750
5751
5752
5753
5755
5756
5758
5761
5762
5764
5765
5768
5770
5772
5773
5776
5777
5779
5781
5787
5788
5791
5792
5794
5797
5801
5810
5811
5812
5813
5815
5816
5819
5820
5821
5822
5823
5824
5825
5828
5829
5834
5835
5839
5841
5842
5845
5846
5847
5848
5851
5852
5853
5855
5857
5859
5860
5861
5864
5865
5867
5874
5875
5876
5879
5882
5883
5885
5886
5887
5890
5894
5895
5898
5899
5900
5901
5902
5905
5906
5907
5911
5918
5919
5922
5923
5928
5931
5936
5937
5941
5943
5944
5947
5948
5952
5956
5960
5964
5965
5966
5968
5970
5975
5976
5977
5978
5979
5982
5983
5986
5987
5988
5989
5990
5991
5992
5996
6000
6006
6007
6014
6015
6017
6020
6022
6027
6028
6029
6030
6032
6035
6037
6038
6041
6044
6045
6050
6051
6052
6053
6054
6056
6060
6061
6065
6068
6072
6075
6077
6080
6082
6083
6084
6085
6086
6088
6092
6093
6095
6096
6098
6099
6101
6103
6104
6105
6106
6108
6109
6112
6117
6120
6122
6123
6127
6128
6133
6135
6136
6137
6144
6145
6147
6150
6152
6154
6155
6157
6159
6160
6161
6164
6169
6170
6171
6174
6175
6176
6178
6179
6180
6183
6185
6186
6187
6188
6191
6193
6194
6195
6197
6198
6199
6200
6202
6205
6206
6208
6209
6211
6212
6214
6215
6218
6224
6225
6232
6233
6234
6236
6239
6241
6242
6243
6246
6248
6249
6250
6253
6258
6259
6263
6266
6267
6272
6278
6286
6288
6290
6291
6292
6293
6295
6297
6299
6300
6301
6302
6305
6306
6307
6308
6309
6310
6311
6313
6316
6317
6318
6319
6321
6326
6327
6333
6334
6335
6336
6337
6338
6342
6345
6346
6347
6348
6349
6350
6353
6357
6359
6360
6362
6363
6366
6368
6370
6372
6373
6375
6377
6381
6382
6385
6386
6387
6390
6392
6395
6397
6402
6404
6405
6407
6411
6412
6417
6419
6420
6421
6423
6424
6426
6429
6432
6434
6443
6444
6447
6448
6452
6454
6458
6460
6463
6467
6468
6469
6470
6471
6477
6478
6480
6488
6489
6491
6495
6496
6497
6499
6500
6506
6508
6510
6511
6513
6514
6517
6521
6527
6529
6531
6532
6535
6536
6540
6543
6545
6546
6548
6549
6550
6552
6554
6555
6557
6558
6559
6563
6565
6566
6567
6569
6572
6575
6576
6578
6579
6580
6582
6584
6588
6589
6591
6593
6595
6597
6599
6600
6603
6604
6605
6606
6607
6610
6614
6615
6617
6618
6619
6620
6626
6631
6632
6635
6638
6640
6644
6646
6647
6648
6656
6657
6658
6659
6664
6665
6669
6670
6671
6674
6675
6678
6683
6684
6687
6688
6692
6694
6695
6696
6697
6698
6700
6701
6711
6714
6715
6717
6720
6721
6723
6725
6728
6731
6733
6735
6736
6738
6742
6745
6746
6747
6748
6750
6752
6754
6757
6758
6760
6761
6762
6765
6766
6768
6769
6770
6771
6772
6773
6775
6777
6778
6781
6789
6791
6799
6800
6802
6804
6805
6810
6812
6813
6814
6816
6819
6822
6824
6825
6830
6833
6834
6840
6843
6845
6847
6851
6855
6857
6862
6863
6865
6868
6869
6870
6875
6877
6879
6880
6884
6885
6887
6890
6894
6896
6897
6899
6901
6902
6903
6905
6907
6913
6914
6918
6919
6920
6921
6922
6923
6924
6927
6931
6934
6940
6942
6945
6946
6947
6948
6950
6957
6958
6964
6966
6968
6969
6970
6974
6975
6978
6979
6980
6981
6982
6983
6987
6991
6992
6993
6994
6995
6996
6997
6998
7000
7001
7004
7005
7006
7008
7009
7013
7016
7019
7020
7021
7022
7025
7026
7028
7035
7040
7045
7054
7056
7058
7060
7061
7063
7066
7070
7074
7077
7081
7082
7083
7084
7085
7086
7087
7090
7092
7094
7099
7100
7101
7103
7104
7105
7108
7110
7116
7118
7119
7120
7121
7123
7124
7125
7126
7127
7133
7138
7139
7143
7144
7145
7150
7153
7155
7156
7161
7164
7165
7166
7185
7186
7189
7196
7200
7204
7205
7208
7209
7210
7211
7213
7217
7218
7219
7221
7222
7224
7226
7229
7230
7234
7235
7237
7239
7240
7241
7242
7246
7252
7262
7267
7268
7269
7270
7271
7274
7276
7277
7280
7281
7287
7291
7292
7293
7294
7298
7300
7302
7304
7306
7309
7313
7314
7315
7316
7320
7322
7332
7334
7335
7340
7343
7344
7346
7347
7349
7350
7352
7353
7358
7359
7362
7364
7365
7367
7368
7370
7371
7372
7375
7381
7383
7386
7388
7389
7390
7391
7392
7397
7398
7399
7402
7404
7411
7414
7416
7417
7418
7419
7420
7422
7423
7427
7428
7432
7434
7437
7438
7441
7444
7446
7451
7452
7454
7455
7457
7459
7461
7462
7468
7470
7472
7474
7476
7479
7481
7483
7485
7486
7487
7491
7492
7493
7496
7497
7499
7503
7504
7505
7506
7507
7508
7509
7511
7516
7522
7525
7526
7527
7532
7534
7537
7539
7542
7543
7545
7547
7549
7550
7551
7553
7554
7556
7557
7558
7559
7561
7563
7564
7567
7569
7572
7573
7576
7577
7580
7581
7583
7587
7588
7594
7599
7603
7606
7608
7609
7611
7612
7613
7616
7618
7619
7622
7625
7629
7630
7634
7636
7638
7639
7641
7642
7643
7647
7648
7651
7652
7653
7654
7657
7658
7659
7660
7662
7665
7666
7668
7669
7670
7672
7675
7678
7680
7681
7682
7687
7688
7689
7692
7697
7699
7700
7701
7702
7703
7707
7711
7712
7714
7716
7719
7722
7723
7724
7728
7729
7731
7732
7733
7739
7740
7741
7742
7744
7746
7747
7751
7752
7753
7754
7755
7757
7760
7763
7764
7768
7769
7771
7776
7777
7778
7779
7780
7781
7782
7784
7785
7787
7790
7792
7793
7794
7798
7804
7805
7807
7808
7810
7811
7813
7817
7819
7821
7822
7823
7834
7836
7838
7839
7841
7844
7847
7849
7851
7859
7861
7864
7866
7867
7868
7869
7872
7875
7876
7878
7881
7884
7887
7888
7890
7891
7892
7893
7896
7898
7899
7900
7902
7903
7906
7909
7912
7917
7921
7923
7925
7926
7927
7933
7934
7935
7936
7939
7940
7946
7949
7953
7954
7957
7959
7963
7964
7966
7967
7971
7972
7973
7976
7977
7980
7981
7985
7986
7987
7989
7990
7993
7995
7996
7998
7999
8002
8005
8006
8010
8012
8014
8018
8021
8024
8025
8028
8029
8031
8032
8037
8038
8039
8040
8041
8044
8047
8049
8050
8055
8058
8059
8060
8064
8065
8067
8068
8069
8071
8072
8073
8076
8077
8079
8084
8089
8090
8091
8092
8093
8094
8095
8096
8104
8105
8108
8109
8110
8112
8119
8120
8121
8124
8126
8127
8129
8130
8134
8136
8143
8145
8147
8152
8155
8156
8157
8158
8159
8161
8162
8165
8168
8173
8175
8177
8179
8180
8184
8186
8187
8189
8190
8191
8192
8194
8195
8196
8199
8200
8201
8206
8210
8211
8213
8215
8216
8217
8219
8223
8225
8227
8228
8230
8233
8246
8247
8248
8249
8251
8258
8264
8266
8267
8269
8272
8274
8276
8277
8281
8282
8283
8285
8288
8289
8294
8296
8300
8304
8305
8306
8307
8312
8314
8316
8317
8321
8323
8325
8327
8328
8329
8330
8331
8333
8335
8336
8338
8339
8340
8345
8347
8349
8351
8352
8355
8356
8358
8360
8363
8366
8367
8368
8374
8376
8377
8379
8381
8384
8388
8396
8400
8406
8407
8409
8412
8417
8419
8421
8424
8425
8426
8430
8431
8434
8435
8437
8441
8444
8446
8449
8452
8453
8455
8456
8457
8458
8459
8460
8462
8469
8470
8474
8475
8476
8479
8481
8482
8483
8484
8486
8489
8490
8492
8493
8494
8501
8502
8504
8506
8507
8511
8512
8514
8516
8517
8520
8521
8524
8525
8528
8529
8530
8532
8536
8537
8538
8541
8543
8551
8555
8561
8562
8563
8564
8566
8567
8569
8571
8572
8574
8578
8581
8582
8584
8586
8588
8589
8590
8593
8594
8596
8597
8598
8600
8601
8606
8607
8608
8609
8610
8611
8613
8614
8618
8620
8622
8624
8626
8627
8629
8630
8631
8635
8636
8637
8639
8645
8646
8647
8649
8651
8656
8657
8663
8664
8665
8668
8669
8674
8675
8676
8679
8680
8683
8684
8685
8686
8689
8690
8691
8692
8696
8697
8699
8702
8705
8708
8709
8712
8716
8719
8724
8728
8738
8739
8741
8742
8743
8746
8748
8749
8750
8751
8753
8756
8757
8759
8760
8766
8767
8768
8775
8777
8779
8781
8783
8784
8787
8790
8791
8794
8796
8800
8801
8805
8813
8814
8815
8816
8822
8823
8830
8834
8836
8838
8842
8844
8846
8848
8852
8854
8856
8858
8859
8862
8867
8869
8873
8875
8876
8878
8879
8888
8892
8894
8901
8902
8903
8907
8908
8913
8914
8915
8916
8917
8918
8924
8926
8932
8934
8936
8937
8941
8942
8943
8944
8945
8948
8949
8952
8955
8956
8957
8958
8959
8961
8964
8965
8966
8967
8972
8973
8976
8977
8978
8980
8982
8983
8987
8988
8992
8994
8996
8998
8999
9000
9001
9005
9006
9011
9015
9017
9019
9021
9024
9028
9030
9031
9033
9035
9037
9038
9039
9040
9041
9044
9045
9046
9050
9051
9053
9054
9058
9066
9067
9068
9070
9071
9073
9074
9075
9077
9078
9080
9083
9085
9086
9090
9094
9095
9096
9097
9098
9099
9101
9103
9106
9108
9109
9110
9113
9117
9126
9127
9129
9131
9133
9134
9137
9139
9140
9141
9142
9146
9147
9148
9150
9153
9155
9156
9159
9160
9161
9167
9171
9172
9177
9181
9183
9184
9185
9186
9187
9189
9192
9193
9194
9196
9206
9208
9212
9213
9215
9222
9223
9230
9233
9235
9236
9238
9239
9240
9241
9247
9249
9250
9254
9255
9259
9262
9264
9269
9272
9273
9274
9275
9280
9281
9284
9285
9288
9292
9293
9295
9297
9299
9300
9305
9307
9308
9309
9313
9315
9319
9323
9326
9327
9328
9329
9330
9335
9337
9338
9342
9343
9344
9349
9350
9351
9354
9356
9361
9362
9367
9368
9369
9370
9373
9374
9375
9377
9385
9386
9387
9388
9389
9391
9393
9394
9395
9400
9402
9407
9408
9412
9413
9414
9423
9426
9427
9430
9431
9434
9435
9436
9437
9438
9439
9442
9444
9445
9447
9448
9449
9451
9455
9456
9457
9461
9462
9465
9467
9469
9471
9473
9475
9482
9488
9489
9492
9493
9495
9496
9497
9499
9502
9504
9506
9510
9512
9515
9516
9517
9524
9525
9526
9529
9530
9531
9532
9535
9537
9538
9540
9541
9542
9544
9549
9551
9554
9555
9556
9557
9558
9561
9562
9563
9565
9567
9569
9570
9572
9574
9576
9577
9578
9579
9580
9581
9583
9591
9592
9593
9594
9599
9600
9602
9604
9605
9607
9609
9610
9615
9616
9617
9624
9627
9631
9632
9635
9636
9638
9639
9641
9643
9644
9645
9646
9650
9651
9653
9656
9657
9659
9662
9665
9666
9667
9668
9675
9676
9678
9680
9684
9687
9689
9691
9692
9694
9695
9697
9698
9699
9700
9701
9702
9703
9704
9708
9709
9710
9715
9717
9718
9719
9720
9721
9723
9726
9730
9731
9733
9736
9738
9744
9746
9748
9749
9752
9753
9757
9758
9760
9764
9765
9766
9769
9770
9773
9774
9776
9778
9780
9784
9786
9795
9799
9800
9803
9805
9806
9811
9814
9815
9816
9817
9820
9821
9825
9827
9829
9836
9839
9840
9841
9844
9846
9847
9851
9853
9856
9859
9860
9863
9864
9868
9870
9874
9875
9876
9877
9878
9879
9882
9884
9885
9886
9889
9893
9895
9897
9900
9903
9904
9905
9907
9911
9912
9914
9915
9916
9919
9921
9922
9926
9927
9934
9935
9936
9938
9939
9940
9942
9943
9947
9948
9949
9951
9955
9960
9967
9968
9973
9974
9976
9980
9981
9982
9983
9984
9985
9993
9997
9998
9999
10000
