4.5
3.2
4.7
3.4
3.7
4
3.5
3.2
2.8
3.7
3.4
4.9
3.6
3.8
3.4
4.9
3.9
3.415
3.7
4.4
3.8
3.5
4
2.9
4.1
2.5
4.2
4.4
3.2
3.635
2.4
2.6
2.2
3
2
5
4.2
3
3.1
1.7
1.4
1.5
4.8
3.8
4.1
4.3
2.1
3
2.6
3.2
3.7
2.6
2.7
2.3
4.4
2.6
4.1
3.4
3.3
3.8
4.9
3.7
3.2
3.1
3.9
3.4
3.5
3.6
3.6
3.9
3.015
2.7
3.3
2.9
3.1
3.2
3.8
3.7
4.6
3.7
4.8
3.3
3.7
2.7
3
4
3.3
3.5
3.3
3.9
3.7
1.9
2.3
1.6
4.3
4
3.6
2.5
3.2
4.3
2.5
2.5
2.9
2.4
4.8
3.6
3.2
3.8
4.1
3.2
3
3.3
3.6
3
3.8
3.4
4
4.4
2.8
2.9
3.1
4.4
3.8
3
4.2
4.3
3.8
4.5
3.3
3.9
1.5
1.3
4
2.6
4.5
4.6
1.4
4.3
4.7
3.7
2.7
3.8
2.5
2.8
4.6
4.3
3.9
3.2
4
4.5
3.4
4.1
3.2
4.3
3.8
4.4
2.9
2.6
2.1
2
2.5
1.6
2.4
3.8
4.6
4.8
4.1
3.7
4.2
2.6
2.7
3.1
3.5
4.7
1.5
3.2
3
3.5
4.3
3.2
4.3
3.2
4.2
4.3
2.4
1.9
2.9
3.7
3.3
4.7
3.5
4
3.6
2.3
3.6
3
2.7
3.5
4.7
3.4
4.5
4
4
3.9
4.2
3.3
3.8
3
4.9
4.8
3
2.9
2.7
2.5
4.7
3.7
3.6
3.5
2.4
3.9
4.3
3.7
2.6
3.7
2.5
4.7
3.315
4.8
2.7
2.6
4.9
3.5
3.1
2.5
3.1
1.9
2.5
3.4
2.5
4.9
4
3.6
3.1
2
4.1
4.5
3.5
3.4
3.4
3.4
2.8
3.4
3.8
5
3.7
3.3
3.1
2.4
2.3
3.4
2.2
4.1
3.9
4.8
3.2
4.8
2.2
3.9
1.6
2.515
3.8
3.1
3.9
4.3
3.4
4.1
2.8
2.685
4.1
4.7
3.2
3.4
4.3
2.9
3.8
2.9
3
4.9
3.1
4.6
3.9
4.1
3.4
3.2
5
3.7
3.2
3.4
2.8
4.7
4.1
3.7
3.3
3.7
3.1
3.7
3.8
3.6
3.6
4.9
3.4
3.4
3.2
3.6
3.2
2.8
3.3
4.8
4.3
4.4
2.8
3.6
4
2.6
3.4
4.8
3.4
3
3.2
3.5
4.5
3.4
3.4
2.7
4.5
4.4
2.4
3.5
4.5
4
2.9
3.5
2.4
4.2
4.4
3.3
2.7
3.2
2.7
2.2
2.4
2.1
3.6
2.3
2
2
4.6
4.1
3.5
3.7
3.9
4.085
2.9
2.1
1.8
1.8
2.7
2.4
3.7
4.4
4.115
2.3
3.9
3.9
4.9
3.6
4
4.2
3.5
3.6
4.5
3.4
3.3
4.9
4.1
4.2
3.4
3.2
3.3
4.8
2.9
2.8
3.8
4.4
3.5
3.5
4.1
3.4
3.6
3
4
4.1
4
3.7
3.3
3
3.5
3
3.8
4.2
2.9
2.6
3.4
3.9
4.9
4.5
4.3
1.6
4.3
5
3.4
3
4.6
3.6
2.8
4.9
2.9
3
3.4
2.2
2.7
5
3.3
2
2.2
1.8
4
4.1
2
2.4
4.7
4.2
4
2.8
3
3.9
5
3.8
3.6
3.5
3
3.8
3.5
3.2
3.9
2.8
4.1
4.9
3.6
4.2
4.7
3.9
2.8
2.6
1.8
2.4
2
2.7
4.4
3.6
3.565
3.3
3.3
4.5
4.1
3.3
4.7
3.5
3.8
3.1
4.2
2.45
4.2
3.4
3.2
4.4
4.9
2.9
2.8
1.2
1.1
2.8
4.9
1.2
1.2
1.9
4.3
3.5
3.2
3.8
3.9
4.6
3.2
3.9
1.4
1
2.8
2.5
2.4
3.2
4.6
4.3
3.5
4.1
4.1
3.9
4.1
1.2
1
1.5
4.5
4.5
3.8
4.8
3
4.8
3.4
3.4
4.1
4.3
4.7
3.5
2.5
2.8
3.1
4
3.9
4.3
3.7
3.3
3.2
2.9
3.4
3.1
4.9
3.1
2.3
3.2
1.8
4.5
2.5
2.2
4.9
3.7
3
1.5
1.9
1.6
1.2
4.1
2.2
1.6
3.2
4.5
4.1
4.635
3.8
2.8
3.5
1.3
1.1
1.7
4.8
1
4.5
3.5
4.4
3.5
3.5
3.3
4.4
3
3.4
4.8
4.3
3.8
4.2
3.8
3.8
3.6
4.1
4.5
2.9
3.8
2.1
3.7
4.2
2.6
4.3
4.6
5
4
4.2
3.8
4.6
4.6
4.4
4.4
3.3
1.1
2.1
5
4.8
4
2.3
1.8
1.4
4.8
3.9
3.9
3.8
3.7
1
1.2
3.4
4.2
2.3
2.7
3
3.3
1.7
4.8
1.1
1.7
3.1
1.1
1
1
4.9
4
2.8
2.7
3.3
3.8
3.7
4
3.5
4.6
4.9
4.1
3.2
3.2
4.3
4.1
4.5
4.9
4.5
3.7
2.4
3.9
4.3
2.8
1.1
1.1
3.4
3.1
3.5
2.3
4.4
3.5
1
1
1
4.1
2.4
2.3
4.8
4.4
3.5
3.6
3.1
3.5
3.6
4.9
3.9
3.5
4.6
3.5
3.5
1.5
2.5
2.5
2.5
4.5
4
2.7
4.2
4.6
3.7
3.2
2.3
4.1
3.3
4.2
4.8
4.7
4.7
2.3
4.8
4.8
4.6
3.4
4.9
3.6
1.5
1.3
4.5
2.8
3.4
2
1.6
3.3
4.6
3.6
4.9
4.4
3.6
4
4.2
3.3
2.9
4.4
4.7
3.6
3.2
3.6
4.5
3.5
4.8
3.9
4.8
1
1
1
1
4.6
4.8
2.4
3
3.7
3.7
3.7
3.7
4.2
4.8
3.6
1.1
1.2
4.9
3.7
4.9
3.1
4.8
3.2
4.2
4.1
1.4
1
5
1
4
3.7
4.3
3.1
3.8
4.485
4.2
5
3.8
4.3
3.3
2.1
2.6
3.8
4.6
3.8
3.6
4.4
3.6
3.7
4.9
3.8
4.2
4.4
1.8
2.8
3.1
3.3
2.9
3.1
3.4
4.1
3.5
4.3
4.9
3.5
2.2
3.5
2.8
4.4
1
1
1.1
3.7
4.7
4.1
4.1
3.5
2.9
3.7
2.9
3.3
4.7
2.8
2.9
4.4
4.1
4
4.9
3.4
4.2
4.185
4.4
1
1
1
4.4
3.4
4.6
1.1
1.1
1.4
3.5
1
4.9
3.8
1
1
1
1
4.8
1.6
1.4
3.9
2.9
1
1
4.5
3.9
4.4
3.9
3.585
1.9
3.8
4
1
1
4.5
3.3
4.8
2.9
3.7
3.2
2.8
2.7
3.7
4.6
3.3
3.1
1.8
1.6
1.5
3
1.9
4.3
3.6
3.4
3.6
2.5
2.1
2
1.5
4.3
2.6
4.6
3.1
2
2.3
4.5
3.4
4.085
1.2
1
1.2
1.5
3.3
4.5
2.6
3.5
4.7
3.9
5
4.1
3.2
3
3.1
4.8
2.6
5
4
3.2
4.2
3
4.3
3.3
4.6
4.8
3.2
4.7
3.5
1.1
1.45
1
1.2
3.8
3.3
4.3
3.2
1.1
1
1.2
1.3
3.4
4.8
3.7
3.3
2.6
3.4
4.1
4.3
3.7
3
5
5
3.6
2.5
3.5
3.4
3.4
3.4
3.5
3.6
4.8
4.1
3.2
5
5
3.8
3.3
4.5
3.8
3
4.3
3.6
4.9
4.4
3.165
3.4
3.5
4.3
2.9
4.8
4.1
5
3.2
4.1
4
4.2
3.9
4.8
2.9
4.3
3.9
4.6
4.2
4.4
3.8
4.7
4.9
3.5
3.7
2.85
4
2.1
3.9
4
4.8
4
4.7
3.7
2.6
3.065
2.5
2.9
4.55
3.9
3.3
4.3
3.4
3.3
4.9
3.7
5
3.4
4.8
4.5
4.8
4.5
4.1
3.4
3.6
3.5
3.6
4.9
3.3
4.1
3.1
3.535
3.6
2.3
4.5
4.2
4.8
3.6
4
3.4
3.5
3.2
4.1
3.1
4
2.7
2.4
3
3.4
2.6
2.6
3.6
3.3
4.5
3.9
3.1
4.9
3.4
4.1
4.2
4.7
3.2
2.9
4.2
3.7
4.6
5
3.7
4.5
3.2
3.3
1.4
2.2
4.9
3.835
3.8
4.1
3.4
3.6
1.8
4.6
4.7
2.9
4.5
3.5
3.6
4.2
3.215
2.8
4.1
5
4.6
2.865
4.4
4.8
4.7
4.6
2.3
1.7
4.5
3.15
3.1
3.3
1.6
1.6
4.8
3.9
5
3.8
3.4
3.3
4.15
4
3.8
5
3.9
4.6
4.085
4.6
4.1
3.5
2.6
3.6
4.4
4.9
4.6
1.7
2.8
4
4.3
3.5
4.1
3.7
3.3
4.2
3.5
4.8
4.8
4.4
3.965
3.4
3.8
2.9
4.4
3.9
5
3.2
5
4.5
4.9
1.9
4.9
3.9
5
3.6
1.6
4.7
2.6
3
3.9
4
2.9
4.3
3
2.5
2.9
4.3
4.1
3.4
1.7
4.9
4.8
3.7
3.5
4.8
4.7
2.7
3
4.9
3.5
3.5
3.1
3.1
4
4.3
5
3.8
3.3
3.4
4.6
2.9
4.3
4.8
4.5
3.7
3.65
2.8
4.2
4.615
1.7
1.8
2.1
3.6
4.8
3.5
3.6
5
4.4
4.7
4.1
3
4.1
2.9
4.3
3.1
3.3
3.4
2.8
3.3
3.4
3.6
4.3
3.1
4.2
3.8
3.9
4.2
3.8
4.715
3.6
4.4
5
3.2
4.6
2.8
5
3.2
2.7
4.9
4.7
4.3
4.1
4.4
3.6
3.7
2.4
4.9
3.7
3.8
4.8
3
4.3
5
4.2
4.4
4.2
4.8
4.4
3
2.9
3.6
3.435
4.6
4.3
4.5
3.7
2.9
2.5
4.8
3.3
3.5
4.3
4.9
4.9
4
4.4
4.6
4.6
2.8
4.7
4.6
4.7
4.9
4.3
5
3.1
4
3.5
4.8
3
4.2
3.4
2.8
4.9
3.1
2.5
2.9
4.6
4.9
3.7
3.2
3.3
3.8
4
3.2
4.7
4.8
4.5
3.4
3.8
4
4.7
4.9
3.5
4.7
3.5
4.6
4.8
3.4
3.9
3.8
3.4
2.8
2.8
4.1
3.7
3.5
4
5
4.2
3.1
3.5
3.3
4.3
4.6
3.5
3.5
3.7
2.1
4.6
3.8
4.1
3.8
4.4
4.4
4.5
3.1
3.7
4.2
3
4.4
3.1
4.5
4.3
4.2
3.8
4.2
5
3.6
4.9
4.6
3.9
3.1
4.5
3.6
3
3.5
3.4
2.5
3.3
4.4
4.2
3.8
4.4
4.9
3.3
2.7
2.8
3.5
3.1
3.9
4.9
3.9
5
3.9
3.1
3.4
3.7
3.7
4.3
4.5
3
4.9
3.9
2.1
4.7
4.1
4.6
4.9
3.7
2.6
4.8
4
4.6
4.7
4.9
3.8
3.4
2.7
5
4.1
3.6
3.3
3.9
4.9
4.2
3.9
4.1
3.5
4.2
5
3.2
5
3.3
3.7
3.1
4.2
3.8
3.9
5
3.8
4.4
3.6
4.5
4
4.3
3.7
5
2
4.5
2.8
3.2
4
2.7
2.3
3.9
3.4
2.9
4
3.7
4.7
3.1
3.8
2.4
1.8
3.8
3.6
3.2
2.7
4
3
3.7
4
3.315
2.9
2.7
4.9
3.3
5
3.4
4.5
3.4
3.4
2
3.9
2.6
4.2
3.4
3.815
4.385
1.4
1.6
3.9
4.6
2.6
4.9
3.9
3.9
4.1
3.1
3.6
4.9
4
2.6
4.6
1.4
2.1
5
2.2
3.6
2.7
2.8
3.1
3.8
4.1
3.6
4.9
3.9
3.9
4.1
5
4
4.9
3.3
4.9
3.9
2.8
4.5
3.6
4.285
5
3.5
2.6
4.8
3.7
4
3
3.8
2.9
4
3.75
3.1
3
4.4
3
4.8
4.6
3.6
4.8
2.9
3.9
3
3.4
2.9
4.8
4.8
3.8
3.7
4.1
2.6
4.1
3
4
4.9
3.9
2.7
2.1
1.9
4.2
2.9
4.45
3.7
3.085
4.6
4
4.9
4.5
4.2
4.4
3.9
4.5
3.2
3.1
2.5
4.9
3.385
4.8
2.3
4.3
3
3.4
2.6
3.1
3.8
4.3
4.5
3.2
4.6
3.5
3.8
4.7
3.6
3.5
3.6
3.5
2.9
5
3.7
4
2.9
3.7
3.5
4.9
5
3.5
2.7
2.5
3.9
3.9
3.8
1.3
3.9
4.4
3.9
4.6
3.6
4.5
3.1
4.9
4
2.7
5
4.8
2.915
4.3
4.2
4.5
4.5
4.8
4.9
4.9
4
4.3
4
4.1
3.4
3.5
3.165
3.5
3.9
4.7
3.4
2.7
4.2
3.6
5
3.3
3.2
4.8
4.5
4.5
4.9
2.7
4.4
3.4
4.4
4.7
4.6
4.9
3.6
4.5
3.6
3.7
1.9
3.1
3
3.4
4.6
3.9
2.7
4.7
5
3.8
4.3
3
2.3
2.9
3
3.2
3
4.3
5
3.5
4.9
3.7
4.9
4.4
4.6
3.8
4.7
4.3
3.6
3.3
5
3.9
2.9
4.4
4.7
3.8
3.7
3.3
3.1
3.8
3.4
3.9
3.2
3.2
3.6
2.9
4
2.4
4.3
4.6
4.4
4.8
2.9
3.2
3.015
3
2.2
1.2
3.5
4.3
3.1
4.5
4.5
3.3
3.3
3.8
4.4
5
1.4
2.9
4.9
3.2
4.6
4.4
3.4
4.8
4.6
4.8
4.2
4.3
4.8
4.6
3.5
2.6
3.8
2.9
2.9
2.4
4.5
3
4.4
4.4
3.3
2.4
3.3
4.1
4.9
4
3.5
3.1
2.3
1.885
4.3
4.9
2.9
4.5
3
2.835
3.8
3
4.6
4.5
3.7
2.235
5
4
5
3.9
2.6
2.7
4.5
2.6
4.7
4.4
3.2
4.8
3.2
2.3
3.7
4.8
3.9
3.5
2.9
3.7
3.5
5
5
3.9
5
4.9
2.865
3.4
4
4.1
4.8
2.8
2.2
4.1
4.9
3.1
4.4
4.2
3.9
4.7
2.8
3.4
3.2
3.7
4
5
3.6
3.7
4.3
3.5
3.1
3.6
4.9
3.5
4.9
3.3
3
2.4
5
3
4.6
4.4
3.6
3.2
4.8
4.1
4.3
3.4
4.3
4.4
2.3
3.7
4.4
3.9
1.3
1.6
3.9
4.8
4.4
4.6
4.3
4
3.9
3.8
4.8
2.8
4.4
4
4.8
3.3
1.8
1.535
2.3
4
4.9
2.3
2
4.8
3.3
4.2
3.7
3.9
2.3
4.5
4.7
4.6
3.4
1.3
4.9
3.9
3.5
4.4
4.7
4.7
4.9
4.1
4.4
3.5
4.4
4.8
3.8
4.085
4.2
3.5
4.8
4.9
4.5
4.5
1
1
1.1
3.6
3
3.9
3
4.1
3.4
3.9
2.4
2.5
4.9
1.4
2
1.4
1.7
4.9
4
3.4
2.8
3.1
3.7
4.8
2.4
1
1
4.3
3.7
3
3
2
3.9
2.5
2.3
2.915
4.1
4.8
5
3
4.1
3.5
4.1
4.7
4.1
3.6
5
3.3
4.7
3.3
3.9
2.4
3.8
3.6
4.9
3.9
1.9
3.4
1
1.1
1
4.2
4.3
3.4
1.7
4.35
4.3
4.1
3.6
2.6
3.6
4
5
3.8
5
1
1
4.1
4.5
3.3
3.2
3.1
4
3.3
3.5
1.1
1.1
1.3
1.3
4.8
3.5
2.8
2.4
2.9
4.4
4.4
2.9
3.1
4
5
4.3
3.1
4.9
3.4
3.5
3.5
4.5
4.8
4
4
3.4
4.4
4.6
3.3
1.9
5
3.2
3.4
3.3
1
1
1
3.5
2.3
4.4
4.7
3.8
4.5
3.5
3.8
3.8
1
1.1
1.1
4.9
3.7
5
4.4
4.5
2.5
2.92
3.3
4.6
4.8
3.4
1.1
1.1
1
3.6
4.9
4.3
3.2
2.7
2.4
2.7
3.7
4.5
3.8
3.7
4.4
4.8
4.9
2.9
3.5
3
3.4
3.2
4.2
2.9
4.7
3.5
4.2
3.1
4.7
4
3.6
4
4
4.9
4.3
4.5
3.3
2.9
4.485
4
3.4
3.3
4.1
4.1
3.7
4.5
3.6
1.9
1.5
1.2
4.5
3.8
1.9
1.1
1
1.5
4.7
3.6
1.1
1.5
4.6
3.7
3.5
1
1
4.6
3.6
5
3.1
4.5
4
4
3.6
4.9
4.9
3.4
3.9
4.3
3.5
4.3
3.4
3.4
4.9
5
2.8
2.9
2.8
2.1
3.6
4.6
4.7
3.2
2
4.835
5
3.9
1
1.3
1.2
4.9
3.1
3
3.4
3.7
4.4
3.5
1.2
4.9
4.4
3.2
3.6
3.8
4.3
3.8
4
3.7
3.2
4.7
4.2
4.4
1.5
1.2
1.3
3.9
1.2
1.1
1.1
4.2
4
4.1
4.2
3.4
1.9
2.8
4.2
3.2
3.3
4.2
2.885
4.1
3.3
4.385
3.6
3.8
4
1
1
1
1
4.4
3.2
2.7
2
2.2
3.1
5
3.2
2
2.4
2.535
4.45
4.2
1
1
4.8
3.6
1.4
1.5
4.8
3.7
4.9
1
1.1
1
3.9
4.1
4.2
4.4
4.9
3.2
3.8
3.5
3.6
4.9
3.9
4.1
3.2
4.5
2.7
2.5
4.4
3.3
3.6
4.8
3.7
4.9
3
3.7
2.7
4.9
4.2
5
1.1
1
3.7
3.5
3.4
1.1
1
1
3.6
2.7
2.3
1.9
2.5
3.5
4.1
1.1
1.8
1.9
3.6
1
1
4.815
3.2
3.985
3.2
4.1
1
1
1
3.7
2.9
1.185
1.1
1.2
4
3.6
3.4
4.7
3.1
4.8
4
3.6
1.1
1.2
4.6
4.4
1
1
1
1.1
1.185
1.1
4.1
4.9
1
1.3
3.1
5
3.6
4.5
2.6
1
1
1
3
2.6
3.9
2.2
5
3.3
2.8
4.5
1.5
1.1
4.6
2.9
4.3
3.3
3.7
3.9
3.6
3.2
3.1
2.9
3.5
4.4
3.165
3.4
4.7
3.1
4.2
3.9
1
1.7
1.7
3.8
3.7
4.7
3.5
4.6
3.5
2.8
2.8
4.1
4.7
3.3
4.5
4.4
4.5
3.935
1
1.3
3.9
4.6
4.7
4.9
4.3
3.1
4.4
4.8
4
3
3.8
3
4.8
4.4
3.5
4.4
3
3
3.7
4.9
3
4.9
3.9
4.7
4.4
5
2.7
4.8
4.2
4.2
5
1.3
1.1
4.3
1
1
1
1
1
5
4.3
2
2.9
3.7
3.4
3.3
3.7
2.5
4.315
4.9
4.9
1.4
1.7
1.9
2.4
2.7
3.2
3.5
3.6
4.3
4.5
1
4.8
3.365
4.1
4.8
4.6
3.9
3.5
5
3.6
3.2
3.2
5
3.3
3.6
4.8
3.7
3.3
4.9
2.2
3.8
4.6
3.6
5
4.5
3.8
3.8
4.4
3.6
1.3
1.3
1.1
4.5
3.6
2.9
5
4.8
2.9
2.6
1.9
2.4
4.2
3.5
1.1
1
1.5
1
4.9
4.2
2.6
3.415
3
4.6
3.2
3
3.5
2.7
4.5
3.4
3.2
2.9
3.5
3.7
4.15
3.2
3.9
2.6
4.635
3.3
1.1
1.1
4.6
3.5
4.3
4.2
1
1.1
1.1
4.8
4.1
3.7
3.3
4.4
2.7
3.8
4
2.2
2.8
3.1
3.7
2.5
3.8
2.115
2.285
2.2
3.85
3.9
4.1
1.3
1
1.1
1.1
4.7
4.815
4
4
3.6
4.2
4.2
4.8
3.4
3.6
4.8
3
4.2
2.5
4.4
5
3.7
3.5
4.5
3.7
4
4.7
1.7
1.4
3.9
3.5
3.6
4.5
2.9
5
4.7
3.465
5
2.8
4.3
1.2
2.2
1.4
1.9
5
4
3.8
3.7
4.1
3.6
4.5
4.1
5
3.65
4.5
2.3
1
1.1
1.2
1.1
4.7
3.85
3.5
2.1
4.2
3.6
4.4
2.8
1.7
1
1.9
4.5
4.8
1.1
1.8
1.6
4.8
4.5
3.5
4.6
2.6
4.4
4.4
1
4.9
3.6
4.8
4.4
4.3
2.3
1.1
1.6
1.8
1
4.8
3.5
1.4
1.3
1.1
1.1
1.5
4.8
4
3.4
3.1
4
5
1.4
1.7
4.4
4.2
4.5
3.1
4.4
4.8
4
4.5
3.6
4
4.2
4.5
3.9
4.5
3.1
3.6
4.4
5
3.3
3.835
3.9
3.6
4
4.4
4.2
3.685
1
1
4.5
4.4
4.1
4.4
4.3
4.815
4
4.1
3.3
1
1
1
3.9
1.4
2
4.3
3.6
4.7
5
2.7
3
2.9
5
4.1
3.4
4.9
3.7
1.5
1.1
1.8
4.8
3.6
3.9
2.5
3.1
4.1
4.9
3.6
2.9
3.5
4.1
2.2
4.2
2.9
4.9
3.915
4.9
3.7
5
2.8
4.9
3
2.4
4.9
3.1
2.9
2.5
3.3
4.5
4
3.5
2
3.5
4.4
1.6
2.7
1.9
2.4
4.8
4.8
2.5
2.4
4.9
3.4
2.735
3.5
3.7
4.3
4.3
4.9
3.9
4.8
3.7
3.6
4.5
4.5
4.6
4.6
4.4
3.2
4.8
3.4
4.3
3.7
3.3
3.1
2.6
3.3
4.1
4.1
3.4
4.6
4
3.4
3.1
4.7
4
3.4
3.5
5
3.3
3.4
4.6
5
3.3
1.7
1.3
1.8
4.9
3.6
4.4
4.6
3.2
3.8
2.4
3.6
3
3.5
2.2
4.5
5
3.9
3.3
2.7
3.2
3.2
4.9
3.7
2.1
2.4
1.8
2.4
3.1
4
3.2
2.3
3
3.1
4.3
4.6
3.2
4.5
3.5
3.4
4.5
3.9
3.8
4.1
4.9
5
3
2.9
2.5
4.8
3.5
4.6
4.1
4.2
4.9
4.4
3.5
4.3
3.3
3.6
4.8
4.8
4.8
4.4
3.6
3.7
3.5
5
4.8
3.8
1.8
2.835
3
5
4.3
4.9
3.7
3
2.7
2.1
3.5
4.9
3.7
3.8
3
3.9
4.9
3.2
3.8
4.9
3.6
3.3
4.5
4.2
4.4
4.9
3.7
4.9
3.7
3.8
3.4
4.8
4
3.9
3.1
4
4.9
3.635
2.7
2.8
3
4.5
5
3
2.6
3.4
4.5
3.5
2.5
2.7
5
5
3.6
5
4
4.7
2.7
3
4.8
3.7
3
3.8
3.4
3.5
4.9
2.9
3.4
3.7
4
3
2.3
5
2.6
4.265
3.2
4.2
3
3.4
4.7
4.1
4.5
3.7
4.8
3.1
3.6
4.9
4.3
2
4.4
3.7
4.5
2.5
3.1
4.8
4.9
3.2
2.5
3.3
3.4
3.9
1.9
3.7
3.6
3.9
3.4
3.4
3.8
3.3
4.9
4.6
4.9
5
3.5
4
3.6
3.7
4.5
4.4
3.7
3.2
3.3
4.2
5
2.5
2.615
3.2
4.7
4.5
3.7
4.3
3.3
2.5
4.7
2.9
3.2
4
4.6
4.9
3.6
3.8
2.6
3.7
4.6
3.5
3.3
2.9
3.9
4.3
3.9
2.9
3
3.5
5
2.9
3.5
4.9
3.1
3.1
4.8
3.7
3.7
3.3
3.8
1.6
2.6
2.6
2.3
2.5
2
4.8
3.2
4.8
2.6
3
4.8
3.4
3.7
5
2.9
1.8
2.5
3.8
4.3
4.4
4.9
3.3
3.2
2.9
4.9
3.7
3.4
3.7
2.8
3.8
4.8
3.7
4.4
3.7
3.6
4.4
4
3.4
4.65
3.3
4.5
3.9
3.5
3.7
4.9
3.9
3.3
2.6
2.5
2.4
3.5
4.3
2.5
3.4
3.5
2.8
2.9
3.6
3.6
3.9
3
2.65
3.2
3.3
2.5
2.6
4.3
4.9
2.3
2.3
4.6
3.1
4.7
3.9
3.9
3.5
4.7
3.7
2.3
4.3
4.8
3.3
4.5
3.6
2.3
3
3.6
4.1
3.5
5
4.3
3.6
3.5
4.5
3.5
2.9
4.9
3
2.8
3.5
3.9
4.8
2.8
3.3
4.4
5
4.1
2.8
4.2
4.3
3
2.9
3.2
4.9
4
3.5
2.9
3.8
3.4
3.1
3.8
3.2
3.3
2
2.4
2.4
4.8
3.7
4.8
3.1
4.9
3
2.9
1.6
4.7
3.7
4.4
2.8
3.6
3.6
4.5
3.5
5
3.7
4
3.4
3.5
2
1.6
2.4
2.1
2.6
4.9
4.3
3.9
2.6
2.3
1.9
4.7
5
4.3
3.4
4
3.7
1.3
1.4
1.9
1.5
5
4.9
5
3.3
3.4
4
3.2
3.7
3.3
4.4
4.3
4.7
3.8
3.9
4
3.4
5
4.2
4.4
4.8
4.2
3.3
2.7
3.8
3.4
3.8
3.2
4
2.9
4.9
4.2
3.2
3.9
3.6
3.4
4
3.5
4
3.8
4.5
3.8
4.4
4
3.5
4.5
4
3.4
3.2
4.9
3.1
4.9
4.5
3.1
4.2
1.9
5
4.6
3.9
3.1
3.215
3.9
2.3
4.2
3.6
2.7
3.3
3.35
2.9
4.5
4.1
4.1
3.9
4
4.9
3.6
3.5
3
2.5
3.4
3.2
3.4
3.2
3.7
3.3
3.6
4.7
2.8
4.2
3
4.7
3.7
4.2
3
4.3
2.7
5
3.1
3.8
3.9
2.1
3.4
2.4
2.5
2.9
3.1
2.65
5
3.6
4.7
3.6
5
4.6
2.4
3.5
2.3
3.6
4.3
4.7
3.4
3.7
3
4.3
4.1
4
2.6
3.3
3.2
4
4.9
1.6
3.7
2.8
3.7
4.7
3.5
3.7
2.4
3.4
3.9
3.2
4.7
4.5
3.2
4.1
3.1
4
4.9
3.6
4.4
3.9
4.9
3.4
3.1
4.9
3.7
4.7
4.1
4.7
3.6
4.9
3.3
3.7
3.9
3.4
3.2
2.1
3.8
2.9
3.1
3.115
3
2.9
4.8
4.8
4.6
3
4.4
3.5
4.2
3.1
3.8
3.7
4.6
4
3.8
4.1
5
3.6
3.4
3.8
3.3
2.2
5
3.5
3.7
2.1
3.3
4.9
3.8
4.9
4.4
3.9
4.3
2.6
3.1
3.8
4.9
2.6
3.6
4.1
4.3
4.1
3.8
3.5
4.4
3.7
4.3
3.3
3.8
4.2
4.6
4.9
4.1
3
3
3.5
3.6
4.2
4.2
4.4
3.6
3.6
3.4
4.5
2.2
3.5
3.5
4.5
3.8
3.8
3.9
4.5
4.9
3.9
2.9
3.515
2.4
3.5
4.3
3.5
3.1
3.2
3.7
4.2
4
3.7
2.8
4.1
4.1
3.6
4
3.7
4.5
2.9
4.1
3.4
4.2
2.7
4.3
4.2
3.3
3.5
3.7
4.5
4.9
3.2
4.4
4.7
4.9
5
2
2.9
3.3
3.9
4.3
4.4
4.2
3.5
3.8
2.3
2.6
2.3
1.6
3.1
2.8
4.3
4.1
4.4
4.2
3.1
4
4.6
2.7
1.6
1.8
1.2
1.7
3.6
2.7
2.7
2.9
5
2.835
4.5
3.1
2.5
1.7
2.6
4.8
4.815
3.3
3.7
2.8
5
3.9
4.3
4.4
4.5
3.1
4.4
3.7
2.1
2.1
2
2.265
3
4.2
3.5
2.7
4
4.4
4.6
3.7
3.7
3.7
4.1
3.2
4.6
3.2
3.3
3
4.9
3.6
3.3
3.5
3.8
4.5
2.9
4
1.8
4.5
4.8
4
3.3
3.9
3.6
4.5
3
3.6
3.8
3
2.7
5
3.7
4.6
4.5
3.2
3.6
4
3.5
4.3
4.635
4.9
3.6
3.5
4.2
3.3
3.5
4
3.2
2.5
2.9
2.6
4.7
3.5
4.4
1.5
5
3
4.8
1.7
1.9
3
3.3
3
4.9
3.5
2.5
4.1
4.8
2.8
1.9
3
4.4
3.9
2.9
2.9
3.7
4.4
3.1
3.3
3.6
4
2.565
4.2
4.4
4
4
3.1
3.785
2
2.1
4.4
4.8
3.8
4
4.7
3.3
3.6
4.8
3.7
3.8
4.1
4.9
3.9
5
3.5
4
3.3
3.5
4.2
4.3
4.5
3.9
4.185
2.9
4.5
3.5
3.4
4.5
4.3
3.4
4
4.3
3.9
3.8
3.4
4.5
3.6
4.3
4.9
3.5
4.8
3.6
3.6
3
3.4
4
3.8
4.6
3.7
3.8
3.58
4.45
3.8
2.9
3.5
4.8
4.5
3.265
3.3
4.6
3.4
3.8
4.4
2.7
4.2
4.9
3.6
4.2
2.8
3.3
3.7
4.5
2.5
3.4
4.1
3.1
2.8
4
3.6
4.3
3.9
3.8
4.8
3.6
5
2.8
2.9
2.8
4.435
3.5
4.5
3.8
4.2
3.8
2.6
2.3
2
4.7
4.8
3.9
3.8
3.7
4.3
4.3
3
4.4
4
4
3.3
2.9
3.2
5
3.8
3.9
2.6
4.2
3.7
2.8
3.8
2.9
4.8
4
3.3
3.7
4.6
4.2
2.4
4.5
4.5
3.3
4.3
4.9
2.7
2.9
4.7
3
2.2
2.7
4.8
4.2
3.9
3.3
3.9
4.1
3.735
2.5
4.8
4.4
3.6
4.3
4.6
3.8
4.3
4.1
4.4
3.9
3.4
3.7
3.2
4.6
3.8
3
3.4
3.6
4.2
3.2
4.7
4.7
2.835
4.5
3.3
3.785
4.5
4.7
3.8
4.9
4.4
3.7
2.6
4.9
4
4.1
3.7
3.8
3.9
4.9
2.6
2.6
4.9
4
2.7
3.2
4.9
4.5
4
4.2
3.9
4
4.6
4.7
4.7
4.2
2.6
2.4
2.7
4.4
4.1
4
3.9
4
4.2
5
3.3
2.7
3.5
4
3.5
4.3
4.5
3.2
4.2
3.6
3.9
4.4
4.3
3.5
4.4
3.7
4.2
5
1.5
2.3
1.5
4.7
4
3.9
2.9
4.5
4.4
4.3
2.4
4.5
3.95
2.6
3.4
2.4
3.4
2.2
4.4
4.2
4.3
3.8
4.3
2.6
3.1
4.9
4.5
4.3
2.6
2.3
2.4
4.1
4.3
3.35
2.9
3.7
4.9
3.9
4.3
3.7
4.5
4.4
5
3.4
2.365
2.7
4.9
4.1
3
1.8
2.8
3.2
4.4
3.8
3.5
3.55
3.3
4.1
3.9
3.3
3.3
4.8
2.8
3.6
4.3
3.8
3.2
3.4
4.4
2.4
2.8
3
3.3
4.6
3
3
2.3
2.4
4.9
4.3
4.3
3.8
4.6
3.4
3.8
3.7
4.6
4.2
4.1
2.9
4.4
1.6
3.1
3.7
4.1
3.7
4.5
4
4.9
3.285
3.6
4.35
4.6
4.1
3.8
3.9
3.3
4.9
3.5
2.2
2.6
4.9
3.6
4.4
4.2
3.1
3.7
3.6
4
4.1
3.8
4.3
3.6
3.9
4.3
3.4
4.5
3.2
5
3.7
4.8
3.7
3.9
4.4
3.7
2.8
4.9
2.8
2.9
3.4
3.6
3.6
4.3
4.2
3.7
3.8
3.3
3.7
3.7
4.2
4.1
4.3
2.9
3.5
1.6
4.9
2.7
3.6
4.2
3.7
2.5
4.3
3.8
3.4
2.3
4.4
3.7
2.5
3.2
4.6
3.9
4.1
3.1
4.9
3.1
3.1
2
3.4
4.6
3.9
3.815
3.2
3.3
4.8
3.4
4.385
3.8
3.5
3.1
5
3.1
4.1
3.5
3.8
4.7
3.7
3.2
3
3.8
3.6
3.2
3.9
4.3
5
3.4
4.3
4.3
3.7
3.7
4.6
4.2
4.7
2.8
2.8
3.5
4.6
3.9
4.1
4.7
4.5
3.3
4
3.1
3.6
4.9
3.7
4.3
3.6
4.2
3.6
4.8
4
3.8
4.1
3.5
4.9
3.67
3.8
2.5
3.1
3
2.8
3.2
4.9
3.2
1.5
5
3.9
2.4
4.6
3.9
4.4
3.95
2.9
3.1
3.2
4.9
3
2.7
2.5
2.2
3.4
3.2
1.2
2.4
2.55
3
3.5
4.2
3.4
5
3.1
4.8
3.8
3.7
4.165
4.5
4.6
1.4
2.4
2.7
5
2.9
3.6
3.1
3.5
3.5
4.9
3.5
3.8
4.8
3.4
4.7
4.4
3.2
3.9
4.8
3.5
2.8
3.9
3.7
3.9
4.9
3.6
4.5
4
4.1
4.2
4.065
3.5
4.5
4
4.8
3.3
4.5
4.8
3.8
1.1
1.5
3.2
2.8
2.4
3.5
2.1
3.2
4.5
3.6
4.2
2.9
3.8
4.4
2.9
4.1
3.4
3.4
3.7
3.5
4
3.6
3.5
2.8
3.8
2.8
1.7
5
3.9
3.9
2.8
3.5
3.365
4.65
3.7
3.4
4.7
3.7
3.6
2.9
3.6
4.5
3.6
3.4
3.5
4
4.1
4.3
4.7
3.5
3.1
3.1
2.5
4.5
4.4
4.1
4.6
4
2
3.2
2.6
4.4
3.8
4.4
3.8
4.4
2.2
4.2
4
4.3
2.7
4.1
3.765
2.6
2.8
4.8
3.3
4.4
2.915
4.3
4.3
3.8
3.4
3.7
2.6
4.9
4.3
3.6
3.335
3.3
3.4
3.2
4
3.7
2
4.8
4.3
3.515
4.4
3.7
3.4
2.9
4.4
3.2
4.2
3.7
4.4
4.2
3
2.8
4.1
3.5
4.2
4.9
3.5
3.1
3
3.8
3.5
3.9
3.4
4.5
3.2
4.9
2.7
1.9
3.7
4.5
4.8
4.1
2.6
3.415
4.2
4.6
3.6
3.9
4.7
3.1
4.6
4.5
4.3
4.2
3.4
3.5
2.8
4
3
4
4.3
4
3.8
3.4
3.9
3.4
2.4
3.5
2.8
3.1
3.6
4
3
4.9
3.2
4.2
3
3.8
4.9
3.7
3.9
4.6
3.4
4.7
4
3.6
4.3
4.1
3.7
4.2
3.6
4.6
4
2.5
3.1
4.1
4.4
3.9
3.4
3.5
4.9
4.3
4.6
3.1
4.4
3.3
2.4
4.3
4.9
3
4.4
4.8
3.8
4.4
3.4
3.585
3.5
4.8
4.2
3.2
2.5
3.4
2.8
3.4
4
4.1
3.5
3.7
4
3.6
3.3
3.7
3.2
4.3
3.8
2.3
2.7
3.6
4.3
4.1
4.2
3.9
3.2
3.9
4.7
4.2
3.6
3.6
1.7
1
1
1.2
1.1
1
1
1
1
1
1
1.1
1
1
1
1.4
1
1.2
2.4
1
1
1
1
1
1
1
1
1
1
1
1.3
1.2
1.7
1.4
1.8
1
1.1
1
1
1
1
1.3
1
1
1
1.7
1
1.7
2.2
1
1
1.2
1.1
1
1.3
1.2
1.4
1
1.1
1
1.4
1
1
1.1
1
1.1
1.1
2.7
1.4
1
1.2
1
1
1
1
1.3
1
1.4
1.6
2.2
1
1.1
1.1
1
1.8
1.1
1
1
2.8
1.4
1
1
1.2
1
1
1
1.1
1
1
1.1
1
1
1.2
1
