5.000
5.000
0.300
0.600
4.200
3.600
5.000
2.750
5.000
3.750
5.000
1.250
5.000
4.250
3.400
1.600
5.000
3.600
5.000
2.600
5.000
3.200
4.800
5.000
5.000
2.200
5.000
4.250
5.000
2.500
2.800
2.800
2.800
2.800
5.000
4.800
2.400
4.200
5.000
5.000
5.000
3.750
3.800
2.000
2.000
1.583
1.778
2.000
2.000
2.000
3.200
3.800
4.400
5.000
5.000
3.500
4.000
3.500
4.400
3.800
2.600
3.000
5.000
5.000
3.667
2.333
2.500
5.000
3.824
4.000
4.400
0.200
5.000
5.000
4.000
1.600
5.000
4.600
5.000
2.375
2.600
2.600
2.600
2.200
1.700
3.400
2.000
4.000
3.250
4.500
2.600
2.000
1.800
1.556
4.500
4.000
4.500
5.000
4.200
1.600
0.500
1.400
1.600
4.400
1.800
2.200
2.600
2.400
1.600
3.000
2.000
2.000
3.800
4.000
3.000
4.400
4.800
4.800
2.500
2.000
0.750
0.727
0.000
1.250
1.250
1.250
0.500
3.250
1.333
1.000
1.400
1.333
5.000
4.000
3.000
4.400
2.000
2.167
1.400
1.200
1.200
2.200
1.250
5.000
4.000
4.000
3.200
2.000
2.200
3.200
1.500
4.750
0.500
0.067
1.600
2.600
4.875
5.000
2.000
1.400
1.400
3.600
0.800
3.800
2.000
1.600
3.000
3.615
3.750
0.500
4.000
4.000
3.333
1.500
4.400
4.857
2.875
0.800
5.000
2.200
0.200
0.400
0.200
1.800
1.600
1.300
1.200
1.200
0.200
1.200
3.000
3.500
3.500
2.000
4.400
5.000
0.000
3.200
3.250
0.000
1.000
3.667
3.000
4.200
5.000
4.091
1.800
2.000
2.800
1.000
3.800
4.000
1.400
1.800
5.000
0.400
4.400
1.000
3.000
1.200
3.200
2.600
4.600
3.400
2.000
4.000
4.200
3.800
3.400
3.800
4.400
4.200
4.600
1.200
1.200
0.800
3.200
4.000
2.600
4.400
4.200
3.200
3.400
4.000
4.800
0.200
1.800
2.600
2.800
5.000
0.250
3.750
1.750
3.500
3.400
1.400
1.400
1.000
1.800
4.600
0.400
3.600
3.250
0.778
1.250
0.750
1.500
1.000
3.750
3.250
4.000
3.000
1.667
3.333
2.250
0.500
2.750
2.000
0.833
3.750
4.000
3.250
2.750
1.000
3.500
3.750
4.400
0.400
0.400
4.200
2.500
0.250
0.250
0.250
3.800
2.600
2.600
2.000
1.800
0.000
1.200
3.800
3.600
1.800
1.200
3.200
2.200
0.800
1.600
2.800
0.583
3.200
0.800
3.800
0.000
0.667
5.000
4.333
4.214
1.800
0.400
2.000
2.800
0.800
0.800
0.400
0.250
0.750
0.750
1.000
0.000
0.800
3.400
2.769
2.800
3.200
4.200
2.400
4.400
1.800
0.800
1.400
2.250
0.250
3.250
4.500
4.200
0.800
0.800
0.800
0.250
3.500
2.750
4.250
0.500
0.500
0.000
0.500
0.600
2.200
3.200
4.400
3.000
2.250
2.583
0.000
0.000
1.800
0.000
1.400
0.000
0.400
0.000
0.000
3.000
2.000
2.200
1.200
0.000
1.000
1.533
1.667
1.000
0.308
0.000
0.200
4.200
2.600
3.000
3.800
0.750
0.250
0.750
3.000
0.400
0.400
0.400
4.200
3.500
3.500
3.000
3.750
3.400
3.400
3.600
3.800
1.000
1.400
3.400
3.600
2.800
4.000
3.200
3.400
2.333
2.667
3.000
4.667
3.200
1.600
3.000
0.200
0.800
1.200
0.800
0.800
0.750
0.000
0.250
3.250
4.000
3.000
3.333
3.333
2.000
3.000
3.750
4.000
3.000
2.000
3.750
0.000
0.400
0.400
3.200
0.400
2.000
0.000
0.000
0.000
0.500
4.500
0.500
0.500
0.500
4.000
3.750
4.250
3.750
2.750
3.250
3.000
0.800
0.400
0.400
0.400
0.250
0.250
0.750
0.250
4.800
0.800
0.000
3.000
0.750
3.750
2.500
0.000
0.250
0.000
3.500
3.250
0.400
0.800
1.800
1.600
1.200
4.200
0.200
0.200
0.500
0.000
4.500
0.000
2.500
0.750
4.000
2.750
3.400
3.400
0.400
0.400
3.200
2.400
3.000
0.400
0.500
3.929
3.000
1.750
0.000
0.400
2.200
2.600
3.500
0.500
3.500
0.000
0.000
0.000
1.000
2.000
1.200
0.600
0.800
4.000
0.500
2.500
2.750
3.250
2.000
0.800
0.000
0.400
0.600
0.800
0.800
0.800
0.400
3.000
0.400
0.000
0.000
0.000
0.400
0.000
3.600
0.231
3.200
0.000
0.500
0.300
1.250
0.000
2.750
5.000
0.750
1.250
0.000
0.000
0.750
3.750
2.333
5.000
0.000
3.200
0.750
0.500
2.500
1.750
4.000
0.000
1.333
4.600
4.000
1.200
4.200
3.800
3.000
0.200
3.000
2.200
1.400
0.000
2.800
3.800
3.800
4.400
0.000
3.000
0.500
2.750
1.750
0.000
0.000
1.000
1.800
1.600
2.333
2.000
0.333
1.000
0.000
0.000
3.000
1.500
0.400
0.400
2.800
0.167
0.500
3.250
0.000
0.000
0.000
0.000
0.400
0.000
1.000
1.250
0.250
4.250
0.118
1.000
0.400
0.000
0.000
2.500
0.750
3.000
1.600
2.600
2.600
0.000
0.000
0.000
4.250
0.000
0.000
1.000
0.000
3.500
2.400
2.600
0.600
0.100
0.000
3.750
0.000
0.000
0.400
0.400
2.600
2.000
1.750
3.750
0.000
0.750
0.000
0.000
4.000
0.000
0.800
3.400
3.100
0.000
2.750
2.000
0.250
2.692
3.333
3.000
0.667
3.500
4.429
5.000
3.200
0.333
3.333
3.333
1.000
0.188
2.200
0.000
0.000
0.400
0.000
0.250
2.250
0.250
0.800
2.600
1.200
3.200
1.400
0.364
0.200
2.750
3.200
0.600
3.800
3.400
1.500
2.500
0.000
5.000
4.333
1.333
0.333
3.333
4.200
0.800
1.000
0.000
2.800
1.500
0.000
0.000
0.600
1.200
0.000
0.000
3.000
0.000
0.600
1.000
1.750
0.000
0.000
0.000
1.000
0.000
3.500
0.000
0.000
0.000
2.750
2.500
3.400
2.200
1.800
0.000
0.750
0.000
0.000
0.000
0.000
0.000
0.000
0.800
